" ""id"""	" ""k"""	" ""j"""	" ""i"""	" ""f"""	" ""Active"""
1	1	1	1	0	1
2	1	1	2	0	1
3	1	1	3	0	1
4	1	1	4	0	1
5	1	1	5	0	1
6	1	1	6	0	1
7	1	1	7	0	1
8	1	1	8	1	1
9	1	1	9	1	1
10	1	1	10	1	1
11	1	1	11	1	1
12	1	1	12	1	1
13	1	1	13	1	1
14	1	1	14	1	1
15	1	1	15	1	1
16	1	1	16	1	1
17	1	1	17	1	1
18	1	1	18	1	1
19	1	1	19	1	1
20	1	1	20	1	1
21	1	1	21	1	1
22	1	1	22	1	1
23	1	1	23	1	1
24	1	1	24	1	1
25	1	1	25	1	1
26	1	1	26	1	1
27	1	1	27	1	1
28	1	1	28	1	1
29	1	1	29	1	1
30	1	1	30	1	1
31	1	1	31	1	1
32	1	1	32	1	1
33	1	1	33	1	1
34	1	1	34	1	1
35	1	1	35	1	1
36	1	1	36	1	1
37	1	1	37	1	1
38	1	1	38	0	1
39	1	1	39	0	1
40	1	1	40	0	1
41	1	1	41	0	1
42	1	1	42	0	1
43	1	1	43	0	1
44	1	1	44	0	1
45	1	1	45	0	1
46	1	1	46	0	1
47	1	2	1	0	1
48	1	2	2	0	1
49	1	2	3	0	1
50	1	2	4	0	1
51	1	2	5	0	1
52	1	2	6	1	1
53	1	2	7	1	1
54	1	2	8	1	1
55	1	2	9	1	1
56	1	2	10	1	1
57	1	2	11	1	1
58	1	2	12	1	1
59	1	2	13	1	1
60	1	2	14	1	1
61	1	2	15	1	1
62	1	2	16	1	1
63	1	2	17	1	1
64	1	2	18	1	1
65	1	2	19	1	1
66	1	2	20	1	1
67	1	2	21	1	1
68	1	2	22	1	1
69	1	2	23	1	1
70	1	2	24	1	1
71	1	2	25	1	1
72	1	2	26	1	1
73	1	2	27	1	1
74	1	2	28	1	1
75	1	2	29	1	1
76	1	2	30	1	1
77	1	2	31	1	1
78	1	2	32	1	1
79	1	2	33	1	1
80	1	2	34	1	1
81	1	2	35	1	1
82	1	2	36	1	1
83	1	2	37	1	1
84	1	2	38	1	1
85	1	2	39	1	1
86	1	2	40	0	1
87	1	2	41	0	1
88	1	2	42	0	1
89	1	2	43	0	1
90	1	2	44	0	1
91	1	2	45	0	1
92	1	2	46	0	1
93	1	3	1	0	1
94	1	3	2	0	1
95	1	3	3	1	1
96	1	3	4	1	1
97	1	3	5	1	1
98	1	3	6	1	1
99	1	3	7	1	1
100	1	3	8	1	1
101	1	3	9	1	1
102	1	3	10	1	1
103	1	3	11	1	1
104	1	3	12	1	1
105	1	3	13	1	1
106	1	3	14	1	1
107	1	3	15	1	1
108	1	3	16	1	1
109	1	3	17	1	1
110	1	3	18	1	1
111	1	3	19	1	1
112	1	3	20	1	1
113	1	3	21	1	1
114	1	3	22	1	1
115	1	3	23	1	1
116	1	3	24	1	1
117	1	3	25	1	1
118	1	3	26	1	1
119	1	3	27	1	1
120	1	3	28	1	1
121	1	3	29	1	1
122	1	3	30	1	1
123	1	3	31	1	1
124	1	3	32	1	1
125	1	3	33	1	1
126	1	3	34	1	1
127	1	3	35	1	1
128	1	3	36	1	1
129	1	3	37	1	1
130	1	3	38	1	1
131	1	3	39	1	1
132	1	3	40	1	1
133	1	3	41	0	1
134	1	3	42	0	1
135	1	3	43	0	1
136	1	3	44	0	1
137	1	3	45	0	1
138	1	3	46	0	1
139	1	4	1	0	1
140	1	4	2	0	1
141	1	4	3	0	1
142	1	4	4	1	1
143	1	4	5	1	1
144	1	4	6	1	1
145	1	4	7	1	1
146	1	4	8	1	1
147	1	4	9	1	1
148	1	4	10	1	1
149	1	4	11	1	1
150	1	4	12	1	1
151	1	4	13	1	1
152	1	4	14	1	1
153	1	4	15	1	1
154	1	4	16	1	1
155	1	4	17	1	1
156	1	4	18	1	1
157	1	4	19	1	1
158	1	4	20	1	1
159	1	4	21	1	1
160	1	4	22	1	1
161	1	4	23	1	1
162	1	4	24	1	1
163	1	4	25	1	1
164	1	4	26	1	1
165	1	4	27	1	1
166	1	4	28	1	1
167	1	4	29	1	1
168	1	4	30	1	1
169	1	4	31	1	1
170	1	4	32	1	1
171	1	4	33	1	1
172	1	4	34	1	1
173	1	4	35	1	1
174	1	4	36	1	1
175	1	4	37	1	1
176	1	4	38	1	1
177	1	4	39	1	1
178	1	4	40	1	1
179	1	4	41	0	1
180	1	4	42	0	1
181	1	4	43	0	1
182	1	4	44	0	1
183	1	4	45	0	1
184	1	4	46	0	1
185	1	5	1	0	1
186	1	5	2	0	1
187	1	5	3	0	1
188	1	5	4	1	1
189	1	5	5	1	1
190	1	5	6	1	1
191	1	5	7	1	1
192	1	5	8	1	1
193	1	5	9	1	1
194	1	5	10	1	1
195	1	5	11	1	1
196	1	5	12	1	1
197	1	5	13	1	1
198	1	5	14	1	1
199	1	5	15	1	1
200	1	5	16	1	1
201	1	5	17	1	1
202	1	5	18	1	1
203	1	5	19	1	1
204	1	5	20	1	1
205	1	5	21	1	1
206	1	5	22	1	1
207	1	5	23	1	1
208	1	5	24	1	1
209	1	5	25	1	1
210	1	5	26	1	1
211	1	5	27	1	1
212	1	5	28	1	1
213	1	5	29	1	1
214	1	5	30	1	1
215	1	5	31	1	1
216	1	5	32	1	1
217	1	5	33	1	1
218	1	5	34	1	1
219	1	5	35	1	1
220	1	5	36	1	1
221	1	5	37	1	1
222	1	5	38	1	1
223	1	5	39	1	1
224	1	5	40	0	1
225	1	5	41	0	1
226	1	5	42	0	1
227	1	5	43	0	1
228	1	5	44	0	1
229	1	5	45	0	1
230	1	5	46	0	1
231	1	6	1	0	1
232	1	6	2	0	1
233	1	6	3	0	1
234	1	6	4	1	1
235	1	6	5	1	1
236	1	6	6	1	1
237	1	6	7	1	1
238	1	6	8	1	1
239	1	6	9	1	1
240	1	6	10	1	1
241	1	6	11	1	1
242	1	6	12	1	1
243	1	6	13	1	1
244	1	6	14	1	1
245	1	6	15	1	1
246	1	6	16	1	1
247	1	6	17	1	1
248	1	6	18	1	1
249	1	6	19	1	1
250	1	6	20	1	1
251	1	6	21	1	1
252	1	6	22	1	1
253	1	6	23	1	1
254	1	6	24	1	1
255	1	6	25	1	1
256	1	6	26	1	1
257	1	6	27	1	1
258	1	6	28	1	1
259	1	6	29	1	1
260	1	6	30	1	1
261	1	6	31	1	1
262	1	6	32	1	1
263	1	6	33	1	1
264	1	6	34	1	1
265	1	6	35	1	1
266	1	6	36	1	1
267	1	6	37	1	1
268	1	6	38	1	1
269	1	6	39	1	1
270	1	6	40	0	1
271	1	6	41	0	1
272	1	6	42	0	1
273	1	6	43	0	1
274	1	6	44	0	1
275	1	6	45	0	1
276	1	6	46	0	1
277	1	7	1	0	1
278	1	7	2	0	1
279	1	7	3	0	1
280	1	7	4	0	1
281	1	7	5	1	1
282	1	7	6	1	1
283	1	7	7	1	1
284	1	7	8	1	1
285	1	7	9	1	1
286	1	7	10	1	1
287	1	7	11	1	1
288	1	7	12	1	1
289	1	7	13	1	1
290	1	7	14	1	1
291	1	7	15	1	1
292	1	7	16	1	1
293	1	7	17	1	1
294	1	7	18	1	1
295	1	7	19	1	1
296	1	7	20	1	1
297	1	7	21	1	1
298	1	7	22	1	1
299	1	7	23	1	1
300	1	7	24	1	1
301	1	7	25	1	1
302	1	7	26	1	1
303	1	7	27	1	1
304	1	7	28	1	1
305	1	7	29	1	1
306	1	7	30	1	1
307	1	7	31	1	1
308	1	7	32	1	1
309	1	7	33	1	1
310	1	7	34	1	1
311	1	7	35	1	1
312	1	7	36	1	1
313	1	7	37	1	1
314	1	7	38	1	1
315	1	7	39	1	1
316	1	7	40	0	1
317	1	7	41	0	1
318	1	7	42	0	1
319	1	7	43	0	1
320	1	7	44	0	1
321	1	7	45	0	1
322	1	7	46	0	1
323	1	8	1	0	1
324	1	8	2	0	1
325	1	8	3	0	1
326	1	8	4	0	1
327	1	8	5	1	1
328	1	8	6	1	1
329	1	8	7	1	1
330	1	8	8	1	1
331	1	8	9	1	1
332	1	8	10	1	1
333	1	8	11	1	1
334	1	8	12	1	1
335	1	8	13	1	1
336	1	8	14	1	1
337	1	8	15	1	1
338	1	8	16	1	1
339	1	8	17	1	1
340	1	8	18	1	1
341	1	8	19	1	1
342	1	8	20	1	1
343	1	8	21	1	1
344	1	8	22	1	1
345	1	8	23	1	1
346	1	8	24	1	1
347	1	8	25	1	1
348	1	8	26	1	1
349	1	8	27	1	1
350	1	8	28	1	1
351	1	8	29	1	1
352	1	8	30	1	1
353	1	8	31	1	1
354	1	8	32	1	1
355	1	8	33	1	1
356	1	8	34	1	1
357	1	8	35	1	1
358	1	8	36	1	1
359	1	8	37	1	1
360	1	8	38	1	1
361	1	8	39	1	1
362	1	8	40	0	1
363	1	8	41	0	1
364	1	8	42	0	1
365	1	8	43	0	1
366	1	8	44	0	1
367	1	8	45	0	1
368	1	8	46	0	1
369	1	9	1	0	1
370	1	9	2	0	1
371	1	9	3	0	1
372	1	9	4	0	1
373	1	9	5	1	1
374	1	9	6	1	1
375	1	9	7	1	1
376	1	9	8	1	1
377	1	9	9	1	1
378	1	9	10	1	1
379	1	9	11	1	1
380	1	9	12	1	1
381	1	9	13	1	1
382	1	9	14	1	1
383	1	9	15	1	1
384	1	9	16	1	1
385	1	9	17	1	1
386	1	9	18	1	1
387	1	9	19	1	1
388	1	9	20	1	1
389	1	9	21	1	1
390	1	9	22	1	1
391	1	9	23	1	1
392	1	9	24	1	1
393	1	9	25	1	1
394	1	9	26	1	1
395	1	9	27	1	1
396	1	9	28	1	1
397	1	9	29	1	1
398	1	9	30	1	1
399	1	9	31	1	1
400	1	9	32	1	1
401	1	9	33	1	1
402	1	9	34	1	1
403	1	9	35	1	1
404	1	9	36	1	1
405	1	9	37	1	1
406	1	9	38	1	1
407	1	9	39	1	1
408	1	9	40	0	1
409	1	9	41	0	1
410	1	9	42	0	1
411	1	9	43	0	1
412	1	9	44	0	1
413	1	9	45	0	1
414	1	9	46	0	1
415	1	10	1	0	1
416	1	10	2	0	1
417	1	10	3	0	1
418	1	10	4	0	1
419	1	10	5	1	1
420	1	10	6	1	1
421	1	10	7	1	1
422	1	10	8	1	1
423	1	10	9	1	1
424	1	10	10	1	1
425	1	10	11	1	1
426	1	10	12	1	1
427	1	10	13	1	1
428	1	10	14	1	1
429	1	10	15	1	1
430	1	10	16	1	1
431	1	10	17	1	1
432	1	10	18	1	1
433	1	10	19	1	1
434	1	10	20	1	1
435	1	10	21	1	1
436	1	10	22	1	1
437	1	10	23	1	1
438	1	10	24	1	1
439	1	10	25	1	1
440	1	10	26	1	1
441	1	10	27	1	1
442	1	10	28	1	1
443	1	10	29	1	1
444	1	10	30	1	1
445	1	10	31	1	1
446	1	10	32	1	1
447	1	10	33	1	1
448	1	10	34	1	1
449	1	10	35	1	1
450	1	10	36	1	1
451	1	10	37	1	1
452	1	10	38	1	1
453	1	10	39	1	1
454	1	10	40	0	1
455	1	10	41	0	1
456	1	10	42	0	1
457	1	10	43	0	1
458	1	10	44	0	1
459	1	10	45	0	1
460	1	10	46	0	1
461	1	11	1	0	1
462	1	11	2	0	1
463	1	11	3	0	1
464	1	11	4	0	1
465	1	11	5	1	1
466	1	11	6	1	1
467	1	11	7	1	1
468	1	11	8	1	1
469	1	11	9	1	1
470	1	11	10	1	1
471	1	11	11	1	1
472	1	11	12	1	1
473	1	11	13	1	1
474	1	11	14	1	1
475	1	11	15	1	1
476	1	11	16	1	1
477	1	11	17	1	1
478	1	11	18	1	1
479	1	11	19	1	1
480	1	11	20	1	1
481	1	11	21	1	1
482	1	11	22	1	1
483	1	11	23	1	1
484	1	11	24	1	1
485	1	11	25	1	1
486	1	11	26	1	1
487	1	11	27	1	1
488	1	11	28	1	1
489	1	11	29	1	1
490	1	11	30	1	1
491	1	11	31	1	1
492	1	11	32	1	1
493	1	11	33	1	1
494	1	11	34	1	1
495	1	11	35	1	1
496	1	11	36	1	1
497	1	11	37	1	1
498	1	11	38	1	1
499	1	11	39	1	1
500	1	11	40	0	1
501	1	11	41	0	1
502	1	11	42	0	1
503	1	11	43	0	1
504	1	11	44	0	1
505	1	11	45	0	1
506	1	11	46	0	1
507	1	12	1	0	1
508	1	12	2	0	1
509	1	12	3	0	1
510	1	12	4	0	1
511	1	12	5	0	1
512	1	12	6	1	1
513	1	12	7	1	1
514	1	12	8	1	1
515	1	12	9	1	1
516	1	12	10	1	1
517	1	12	11	1	1
518	1	12	12	1	1
519	1	12	13	1	1
520	1	12	14	1	1
521	1	12	15	1	1
522	1	12	16	1	1
523	1	12	17	1	1
524	1	12	18	1	1
525	1	12	19	1	1
526	1	12	20	1	1
527	1	12	21	1	1
528	1	12	22	1	1
529	1	12	23	1	1
530	1	12	24	1	1
531	1	12	25	1	1
532	1	12	26	1	1
533	1	12	27	1	1
534	1	12	28	1	1
535	1	12	29	1	1
536	1	12	30	1	1
537	1	12	31	1	1
538	1	12	32	1	1
539	1	12	33	1	1
540	1	12	34	1	1
541	1	12	35	1	1
542	1	12	36	1	1
543	1	12	37	1	1
544	1	12	38	1	1
545	1	12	39	1	1
546	1	12	40	1	1
547	1	12	41	0	1
548	1	12	42	0	1
549	1	12	43	0	1
550	1	12	44	0	1
551	1	12	45	0	1
552	1	12	46	0	1
553	1	13	1	0	1
554	1	13	2	0	1
555	1	13	3	0	1
556	1	13	4	0	1
557	1	13	5	0	1
558	1	13	6	1	1
559	1	13	7	1	1
560	1	13	8	1	1
561	1	13	9	1	1
562	1	13	10	1	1
563	1	13	11	1	1
564	1	13	12	1	1
565	1	13	13	1	1
566	1	13	14	1	1
567	1	13	15	1	1
568	1	13	16	1	1
569	1	13	17	1	1
570	1	13	18	1	1
571	1	13	19	1	1
572	1	13	20	1	1
573	1	13	21	1	1
574	1	13	22	1	1
575	1	13	23	1	1
576	1	13	24	1	1
577	1	13	25	1	1
578	1	13	26	1	1
579	1	13	27	1	1
580	1	13	28	1	1
581	1	13	29	1	1
582	1	13	30	1	1
583	1	13	31	1	1
584	1	13	32	1	1
585	1	13	33	1	1
586	1	13	34	1	1
587	1	13	35	1	1
588	1	13	36	1	1
589	1	13	37	1	1
590	1	13	38	1	1
591	1	13	39	1	1
592	1	13	40	1	1
593	1	13	41	0	1
594	1	13	42	0	1
595	1	13	43	0	1
596	1	13	44	0	1
597	1	13	45	0	1
598	1	13	46	0	1
599	1	14	1	0	1
600	1	14	2	0	1
601	1	14	3	0	1
602	1	14	4	0	1
603	1	14	5	0	1
604	1	14	6	1	1
605	1	14	7	1	1
606	1	14	8	1	1
607	1	14	9	1	1
608	1	14	10	1	1
609	1	14	11	1	1
610	1	14	12	1	1
611	1	14	13	1	1
612	1	14	14	1	1
613	1	14	15	1	1
614	1	14	16	1	1
615	1	14	17	1	1
616	1	14	18	1	1
617	1	14	19	1	1
618	1	14	20	1	1
619	1	14	21	1	1
620	1	14	22	1	1
621	1	14	23	1	1
622	1	14	24	1	1
623	1	14	25	1	1
624	1	14	26	1	1
625	1	14	27	1	1
626	1	14	28	1	1
627	1	14	29	1	1
628	1	14	30	1	1
629	1	14	31	1	1
630	1	14	32	1	1
631	1	14	33	1	1
632	1	14	34	1	1
633	1	14	35	1	1
634	1	14	36	1	1
635	1	14	37	1	1
636	1	14	38	1	1
637	1	14	39	1	1
638	1	14	40	1	1
639	1	14	41	1	1
640	1	14	42	0	1
641	1	14	43	0	1
642	1	14	44	0	1
643	1	14	45	0	1
644	1	14	46	0	1
645	1	15	1	0	1
646	1	15	2	0	1
647	1	15	3	0	1
648	1	15	4	0	1
649	1	15	5	0	1
650	1	15	6	1	1
651	1	15	7	1	1
652	1	15	8	1	1
653	1	15	9	1	1
654	1	15	10	1	1
655	1	15	11	1	1
656	1	15	12	1	1
657	1	15	13	1	1
658	1	15	14	1	1
659	1	15	15	1	1
660	1	15	16	1	1
661	1	15	17	1	1
662	1	15	18	1	1
663	1	15	19	1	1
664	1	15	20	1	1
665	1	15	21	1	1
666	1	15	22	1	1
667	1	15	23	1	1
668	1	15	24	1	1
669	1	15	25	1	1
670	1	15	26	1	1
671	1	15	27	1	1
672	1	15	28	1	1
673	1	15	29	1	1
674	1	15	30	1	1
675	1	15	31	1	1
676	1	15	32	1	1
677	1	15	33	1	1
678	1	15	34	1	1
679	1	15	35	1	1
680	1	15	36	1	1
681	1	15	37	1	1
682	1	15	38	1	1
683	1	15	39	1	1
684	1	15	40	1	1
685	1	15	41	1	1
686	1	15	42	1	1
687	1	15	43	0	1
688	1	15	44	0	1
689	1	15	45	0	1
690	1	15	46	0	1
691	1	16	1	0	1
692	1	16	2	0	1
693	1	16	3	0	1
694	1	16	4	0	1
695	1	16	5	0	1
696	1	16	6	1	1
697	1	16	7	1	1
698	1	16	8	1	1
699	1	16	9	1	1
700	1	16	10	1	1
701	1	16	11	1	1
702	1	16	12	1	1
703	1	16	13	1	1
704	1	16	14	1	1
705	1	16	15	1	1
706	1	16	16	1	1
707	1	16	17	1	1
708	1	16	18	1	1
709	1	16	19	1	1
710	1	16	20	1	1
711	1	16	21	1	1
712	1	16	22	1	1
713	1	16	23	1	1
714	1	16	24	1	1
715	1	16	25	1	1
716	1	16	26	1	1
717	1	16	27	1	1
718	1	16	28	1	1
719	1	16	29	1	1
720	1	16	30	1	1
721	1	16	31	1	1
722	1	16	32	1	1
723	1	16	33	1	1
724	1	16	34	1	1
725	1	16	35	1	1
726	1	16	36	1	1
727	1	16	37	1	1
728	1	16	38	1	1
729	1	16	39	1	1
730	1	16	40	1	1
731	1	16	41	1	1
732	1	16	42	1	1
733	1	16	43	0	1
734	1	16	44	0	1
735	1	16	45	0	1
736	1	16	46	0	1
737	1	17	1	0	1
738	1	17	2	0	1
739	1	17	3	0	1
740	1	17	4	0	1
741	1	17	5	1	1
742	1	17	6	1	1
743	1	17	7	1	1
744	1	17	8	1	1
745	1	17	9	1	1
746	1	17	10	1	1
747	1	17	11	1	1
748	1	17	12	1	1
749	1	17	13	1	1
750	1	17	14	1	1
751	1	17	15	1	1
752	1	17	16	1	1
753	1	17	17	1	1
754	1	17	18	1	1
755	1	17	19	1	1
756	1	17	20	1	1
757	1	17	21	1	1
758	1	17	22	1	1
759	1	17	23	1	1
760	1	17	24	1	1
761	1	17	25	1	1
762	1	17	26	1	1
763	1	17	27	1	1
764	1	17	28	1	1
765	1	17	29	1	1
766	1	17	30	1	1
767	1	17	31	1	1
768	1	17	32	1	1
769	1	17	33	1	1
770	1	17	34	1	1
771	1	17	35	1	1
772	1	17	36	1	1
773	1	17	37	1	1
774	1	17	38	1	1
775	1	17	39	1	1
776	1	17	40	1	1
777	1	17	41	1	1
778	1	17	42	1	1
779	1	17	43	1	1
780	1	17	44	0	1
781	1	17	45	0	1
782	1	17	46	0	1
783	1	18	1	0	1
784	1	18	2	0	1
785	1	18	3	0	1
786	1	18	4	0	1
787	1	18	5	1	1
788	1	18	6	1	1
789	1	18	7	1	1
790	1	18	8	1	1
791	1	18	9	1	1
792	1	18	10	1	1
793	1	18	11	1	1
794	1	18	12	1	1
795	1	18	13	1	1
796	1	18	14	1	1
797	1	18	15	1	1
798	1	18	16	1	1
799	1	18	17	1	1
800	1	18	18	1	1
801	1	18	19	1	1
802	1	18	20	1	1
803	1	18	21	1	1
804	1	18	22	1	1
805	1	18	23	1	1
806	1	18	24	1	1
807	1	18	25	1	1
808	1	18	26	1	1
809	1	18	27	1	1
810	1	18	28	1	1
811	1	18	29	1	1
812	1	18	30	1	1
813	1	18	31	1	1
814	1	18	32	1	1
815	1	18	33	1	1
816	1	18	34	1	1
817	1	18	35	1	1
818	1	18	36	1	1
819	1	18	37	1	1
820	1	18	38	1	1
821	1	18	39	1	1
822	1	18	40	1	1
823	1	18	41	1	1
824	1	18	42	1	1
825	1	18	43	1	1
826	1	18	44	0	1
827	1	18	45	0	1
828	1	18	46	0	1
829	1	19	1	0	1
830	1	19	2	0	1
831	1	19	3	0	1
832	1	19	4	0	1
833	1	19	5	1	1
834	1	19	6	1	1
835	1	19	7	1	1
836	1	19	8	1	1
837	1	19	9	1	1
838	1	19	10	1	1
839	1	19	11	1	1
840	1	19	12	1	1
841	1	19	13	1	1
842	1	19	14	1	1
843	1	19	15	1	1
844	1	19	16	1	1
845	1	19	17	1	1
846	1	19	18	1	1
847	1	19	19	1	1
848	1	19	20	1	1
849	1	19	21	1	1
850	1	19	22	1	1
851	1	19	23	1	1
852	1	19	24	1	1
853	1	19	25	1	1
854	1	19	26	1	1
855	1	19	27	1	1
856	1	19	28	1	1
857	1	19	29	1	1
858	1	19	30	1	1
859	1	19	31	1	1
860	1	19	32	1	1
861	1	19	33	1	1
862	1	19	34	1	1
863	1	19	35	1	1
864	1	19	36	1	1
865	1	19	37	1	1
866	1	19	38	1	1
867	1	19	39	1	1
868	1	19	40	1	1
869	1	19	41	1	1
870	1	19	42	1	1
871	1	19	43	1	1
872	1	19	44	0	1
873	1	19	45	0	1
874	1	19	46	0	1
875	1	20	1	0	1
876	1	20	2	0	1
877	1	20	3	0	1
878	1	20	4	0	1
879	1	20	5	1	1
880	1	20	6	1	1
881	1	20	7	1	1
882	1	20	8	1	1
883	1	20	9	1	1
884	1	20	10	1	1
885	1	20	11	1	1
886	1	20	12	1	1
887	1	20	13	1	1
888	1	20	14	1	1
889	1	20	15	1	1
890	1	20	16	1	1
891	1	20	17	1	1
892	1	20	18	1	1
893	1	20	19	1	1
894	1	20	20	1	1
895	1	20	21	1	1
896	1	20	22	1	1
897	1	20	23	1	1
898	1	20	24	1	1
899	1	20	25	1	1
900	1	20	26	1	1
901	1	20	27	1	1
902	1	20	28	1	1
903	1	20	29	1	1
904	1	20	30	1	1
905	1	20	31	1	1
906	1	20	32	1	1
907	1	20	33	1	1
908	1	20	34	1	1
909	1	20	35	1	1
910	1	20	36	1	1
911	1	20	37	1	1
912	1	20	38	1	1
913	1	20	39	1	1
914	1	20	40	1	1
915	1	20	41	1	1
916	1	20	42	1	1
917	1	20	43	1	1
918	1	20	44	0	1
919	1	20	45	0	1
920	1	20	46	0	1
921	1	21	1	0	1
922	1	21	2	0	1
923	1	21	3	0	1
924	1	21	4	0	1
925	1	21	5	1	1
926	1	21	6	1	1
927	1	21	7	1	1
928	1	21	8	1	1
929	1	21	9	1	1
930	1	21	10	1	1
931	1	21	11	1	1
932	1	21	12	1	1
933	1	21	13	1	1
934	1	21	14	1	1
935	1	21	15	1	1
936	1	21	16	1	1
937	1	21	17	1	1
938	1	21	18	1	1
939	1	21	19	1	1
940	1	21	20	1	1
941	1	21	21	1	1
942	1	21	22	1	1
943	1	21	23	1	1
944	1	21	24	1	1
945	1	21	25	1	1
946	1	21	26	1	1
947	1	21	27	1	1
948	1	21	28	1	1
949	1	21	29	1	1
950	1	21	30	1	1
951	1	21	31	1	1
952	1	21	32	1	1
953	1	21	33	1	1
954	1	21	34	1	1
955	1	21	35	1	1
956	1	21	36	0	1
957	1	21	37	0	1
958	1	21	38	1	1
959	1	21	39	1	1
960	1	21	40	1	1
961	1	21	41	1	1
962	1	21	42	1	1
963	1	21	43	1	1
964	1	21	44	0	1
965	1	21	45	0	1
966	1	21	46	0	1
967	1	22	1	0	1
968	1	22	2	0	1
969	1	22	3	0	1
970	1	22	4	0	1
971	1	22	5	1	1
972	1	22	6	1	1
973	1	22	7	1	1
974	1	22	8	1	1
975	1	22	9	1	1
976	1	22	10	1	1
977	1	22	11	1	1
978	1	22	12	1	1
979	1	22	13	1	1
980	1	22	14	1	1
981	1	22	15	1	1
982	1	22	16	1	1
983	1	22	17	1	1
984	1	22	18	1	1
985	1	22	19	1	1
986	1	22	20	1	1
987	1	22	21	1	1
988	1	22	22	1	1
989	1	22	23	1	1
990	1	22	24	1	1
991	1	22	25	1	1
992	1	22	26	1	1
993	1	22	27	1	1
994	1	22	28	1	1
995	1	22	29	1	1
996	1	22	30	1	1
997	1	22	31	1	1
998	1	22	32	1	1
999	1	22	33	1	1
1000	1	22	34	0	1
1001	1	22	35	0	1
1002	1	22	36	0	1
1003	1	22	37	0	1
1004	1	22	38	1	1
1005	1	22	39	1	1
1006	1	22	40	1	1
1007	1	22	41	1	1
1008	1	22	42	1	1
1009	1	22	43	1	1
1010	1	22	44	0	1
1011	1	22	45	0	1
1012	1	22	46	0	1
1013	1	23	1	0	1
1014	1	23	2	0	1
1015	1	23	3	0	1
1016	1	23	4	1	1
1017	1	23	5	1	1
1018	1	23	6	1	1
1019	1	23	7	1	1
1020	1	23	8	1	1
1021	1	23	9	1	1
1022	1	23	10	1	1
1023	1	23	11	1	1
1024	1	23	12	1	1
1025	1	23	13	1	1
1026	1	23	14	1	1
1027	1	23	15	1	1
1028	1	23	16	1	1
1029	1	23	17	1	1
1030	1	23	18	1	1
1031	1	23	19	1	1
1032	1	23	20	1	1
1033	1	23	21	1	1
1034	1	23	22	1	1
1035	1	23	23	1	1
1036	1	23	24	1	1
1037	1	23	25	1	1
1038	1	23	26	1	1
1039	1	23	27	1	1
1040	1	23	28	1	1
1041	1	23	29	1	1
1042	1	23	30	1	1
1043	1	23	31	1	1
1044	1	23	32	1	1
1045	1	23	33	0	1
1046	1	23	34	0	1
1047	1	23	35	0	1
1048	1	23	36	0	1
1049	1	23	37	0	1
1050	1	23	38	1	1
1051	1	23	39	1	1
1052	1	23	40	1	1
1053	1	23	41	1	1
1054	1	23	42	1	1
1055	1	23	43	1	1
1056	1	23	44	0	1
1057	1	23	45	0	1
1058	1	23	46	0	1
1059	1	24	1	0	1
1060	1	24	2	0	1
1061	1	24	3	0	1
1062	1	24	4	0	1
1063	1	24	5	1	1
1064	1	24	6	1	1
1065	1	24	7	1	1
1066	1	24	8	1	1
1067	1	24	9	1	1
1068	1	24	10	1	1
1069	1	24	11	1	1
1070	1	24	12	1	1
1071	1	24	13	1	1
1072	1	24	14	1	1
1073	1	24	15	1	1
1074	1	24	16	1	1
1075	1	24	17	1	1
1076	1	24	18	1	1
1077	1	24	19	1	1
1078	1	24	20	1	1
1079	1	24	21	1	1
1080	1	24	22	1	1
1081	1	24	23	1	1
1082	1	24	24	1	1
1083	1	24	25	1	1
1084	1	24	26	1	1
1085	1	24	27	1	1
1086	1	24	28	1	1
1087	1	24	29	1	1
1088	1	24	30	1	1
1089	1	24	31	1	1
1090	1	24	32	0	1
1091	1	24	33	0	1
1092	1	24	34	0	1
1093	1	24	35	0	1
1094	1	24	36	0	1
1095	1	24	37	0	1
1096	1	24	38	1	1
1097	1	24	39	1	1
1098	1	24	40	1	1
1099	1	24	41	1	1
1100	1	24	42	1	1
1101	1	24	43	1	1
1102	1	24	44	0	1
1103	1	24	45	0	1
1104	1	24	46	0	1
1105	1	25	1	0	1
1106	1	25	2	0	1
1107	1	25	3	0	1
1108	1	25	4	0	1
1109	1	25	5	1	1
1110	1	25	6	1	1
1111	1	25	7	1	1
1112	1	25	8	1	1
1113	1	25	9	1	1
1114	1	25	10	1	1
1115	1	25	11	1	1
1116	1	25	12	1	1
1117	1	25	13	1	1
1118	1	25	14	1	1
1119	1	25	15	1	1
1120	1	25	16	1	1
1121	1	25	17	1	1
1122	1	25	18	1	1
1123	1	25	19	1	1
1124	1	25	20	1	1
1125	1	25	21	1	1
1126	1	25	22	1	1
1127	1	25	23	1	1
1128	1	25	24	1	1
1129	1	25	25	1	1
1130	1	25	26	1	1
1131	1	25	27	1	1
1132	1	25	28	1	1
1133	1	25	29	1	1
1134	1	25	30	1	1
1135	1	25	31	1	1
1136	1	25	32	0	1
1137	1	25	33	0	1
1138	1	25	34	0	1
1139	1	25	35	0	1
1140	1	25	36	0	1
1141	1	25	37	1	1
1142	1	25	38	1	1
1143	1	25	39	1	1
1144	1	25	40	1	1
1145	1	25	41	1	1
1146	1	25	42	1	1
1147	1	25	43	1	1
1148	1	25	44	0	1
1149	1	25	45	0	1
1150	1	25	46	0	1
1151	1	26	1	0	1
1152	1	26	2	0	1
1153	1	26	3	0	1
1154	1	26	4	0	1
1155	1	26	5	1	1
1156	1	26	6	1	1
1157	1	26	7	1	1
1158	1	26	8	1	1
1159	1	26	9	1	1
1160	1	26	10	1	1
1161	1	26	11	1	1
1162	1	26	12	1	1
1163	1	26	13	1	1
1164	1	26	14	1	1
1165	1	26	15	1	1
1166	1	26	16	1	1
1167	1	26	17	1	1
1168	1	26	18	1	1
1169	1	26	19	1	1
1170	1	26	20	1	1
1171	1	26	21	1	1
1172	1	26	22	1	1
1173	1	26	23	1	1
1174	1	26	24	1	1
1175	1	26	25	1	1
1176	1	26	26	1	1
1177	1	26	27	1	1
1178	1	26	28	1	1
1179	1	26	29	1	1
1180	1	26	30	1	1
1181	1	26	31	1	1
1182	1	26	32	0	1
1183	1	26	33	0	1
1184	1	26	34	0	1
1185	1	26	35	0	1
1186	1	26	36	0	1
1187	1	26	37	1	1
1188	1	26	38	1	1
1189	1	26	39	1	1
1190	1	26	40	1	1
1191	1	26	41	1	1
1192	1	26	42	1	1
1193	1	26	43	1	1
1194	1	26	44	0	1
1195	1	26	45	0	1
1196	1	26	46	0	1
1197	1	27	1	0	1
1198	1	27	2	0	1
1199	1	27	3	0	1
1200	1	27	4	0	1
1201	1	27	5	0	1
1202	1	27	6	1	1
1203	1	27	7	1	1
1204	1	27	8	1	1
1205	1	27	9	1	1
1206	1	27	10	1	1
1207	1	27	11	1	1
1208	1	27	12	1	1
1209	1	27	13	1	1
1210	1	27	14	1	1
1211	1	27	15	1	1
1212	1	27	16	1	1
1213	1	27	17	1	1
1214	1	27	18	1	1
1215	1	27	19	1	1
1216	1	27	20	1	1
1217	1	27	21	0	1
1218	1	27	22	0	1
1219	1	27	23	0	1
1220	1	27	24	0	1
1221	1	27	25	0	1
1222	1	27	26	1	1
1223	1	27	27	1	1
1224	1	27	28	1	1
1225	1	27	29	1	1
1226	1	27	30	1	1
1227	1	27	31	0	1
1228	1	27	32	0	1
1229	1	27	33	0	1
1230	1	27	34	0	1
1231	1	27	35	0	1
1232	1	27	36	0	1
1233	1	27	37	1	1
1234	1	27	38	1	1
1235	1	27	39	1	1
1236	1	27	40	1	1
1237	1	27	41	1	1
1238	1	27	42	1	1
1239	1	27	43	1	1
1240	1	27	44	0	1
1241	1	27	45	0	1
1242	1	27	46	0	1
1243	1	28	1	0	1
1244	1	28	2	0	1
1245	1	28	3	0	1
1246	1	28	4	0	1
1247	1	28	5	0	1
1248	1	28	6	1	1
1249	1	28	7	1	1
1250	1	28	8	1	1
1251	1	28	9	1	1
1252	1	28	10	1	1
1253	1	28	11	1	1
1254	1	28	12	1	1
1255	1	28	13	1	1
1256	1	28	14	1	1
1257	1	28	15	1	1
1258	1	28	16	1	1
1259	1	28	17	1	1
1260	1	28	18	1	1
1261	1	28	19	1	1
1262	1	28	20	0	1
1263	1	28	21	0	1
1264	1	28	22	0	1
1265	1	28	23	0	1
1266	1	28	24	0	1
1267	1	28	25	0	1
1268	1	28	26	1	1
1269	1	28	27	1	1
1270	1	28	28	1	1
1271	1	28	29	1	1
1272	1	28	30	1	1
1273	1	28	31	0	1
1274	1	28	32	0	1
1275	1	28	33	0	1
1276	1	28	34	0	1
1277	1	28	35	0	1
1278	1	28	36	1	1
1279	1	28	37	1	1
1280	1	28	38	1	1
1281	1	28	39	1	1
1282	1	28	40	1	1
1283	1	28	41	1	1
1284	1	28	42	1	1
1285	1	28	43	1	1
1286	1	28	44	0	1
1287	1	28	45	0	1
1288	1	28	46	0	1
1289	1	29	1	0	1
1290	1	29	2	0	1
1291	1	29	3	0	1
1292	1	29	4	0	1
1293	1	29	5	0	1
1294	1	29	6	1	1
1295	1	29	7	1	1
1296	1	29	8	1	1
1297	1	29	9	1	1
1298	1	29	10	1	1
1299	1	29	11	1	1
1300	1	29	12	1	1
1301	1	29	13	1	1
1302	1	29	14	1	1
1303	1	29	15	1	1
1304	1	29	16	1	1
1305	1	29	17	1	1
1306	1	29	18	1	1
1307	1	29	19	1	1
1308	1	29	20	0	1
1309	1	29	21	0	1
1310	1	29	22	0	1
1311	1	29	23	0	1
1312	1	29	24	0	1
1313	1	29	25	0	1
1314	1	29	26	1	1
1315	1	29	27	1	1
1316	1	29	28	1	1
1317	1	29	29	1	1
1318	1	29	30	1	1
1319	1	29	31	0	1
1320	1	29	32	0	1
1321	1	29	33	0	1
1322	1	29	34	0	1
1323	1	29	35	0	1
1324	1	29	36	1	1
1325	1	29	37	1	1
1326	1	29	38	1	1
1327	1	29	39	1	1
1328	1	29	40	1	1
1329	1	29	41	1	1
1330	1	29	42	1	1
1331	1	29	43	1	1
1332	1	29	44	0	1
1333	1	29	45	0	1
1334	1	29	46	0	1
1335	1	30	1	0	1
1336	1	30	2	0	1
1337	1	30	3	0	1
1338	1	30	4	0	1
1339	1	30	5	0	1
1340	1	30	6	0	1
1341	1	30	7	1	1
1342	1	30	8	1	1
1343	1	30	9	1	1
1344	1	30	10	1	1
1345	1	30	11	1	1
1346	1	30	12	1	1
1347	1	30	13	1	1
1348	1	30	14	1	1
1349	1	30	15	1	1
1350	1	30	16	1	1
1351	1	30	17	1	1
1352	1	30	18	1	1
1353	1	30	19	1	1
1354	1	30	20	0	1
1355	1	30	21	0	1
1356	1	30	22	0	1
1357	1	30	23	0	1
1358	1	30	24	0	1
1359	1	30	25	0	1
1360	1	30	26	1	1
1361	1	30	27	1	1
1362	1	30	28	1	1
1363	1	30	29	1	1
1364	1	30	30	1	1
1365	1	30	31	1	1
1366	1	30	32	0	1
1367	1	30	33	0	1
1368	1	30	34	0	1
1369	1	30	35	0	1
1370	1	30	36	1	1
1371	1	30	37	1	1
1372	1	30	38	1	1
1373	1	30	39	1	1
1374	1	30	40	1	1
1375	1	30	41	1	1
1376	1	30	42	1	1
1377	1	30	43	0	1
1378	1	30	44	0	1
1379	1	30	45	0	1
1380	1	30	46	0	1
1381	1	31	1	0	1
1382	1	31	2	0	1
1383	1	31	3	0	1
1384	1	31	4	0	1
1385	1	31	5	0	1
1386	1	31	6	0	1
1387	1	31	7	1	1
1388	1	31	8	1	1
1389	1	31	9	1	1
1390	1	31	10	1	1
1391	1	31	11	1	1
1392	1	31	12	1	1
1393	1	31	13	1	1
1394	1	31	14	1	1
1395	1	31	15	1	1
1396	1	31	16	1	1
1397	1	31	17	1	1
1398	1	31	18	1	1
1399	1	31	19	1	1
1400	1	31	20	0	1
1401	1	31	21	0	1
1402	1	31	22	0	1
1403	1	31	23	0	1
1404	1	31	24	0	1
1405	1	31	25	0	1
1406	1	31	26	1	1
1407	1	31	27	1	1
1408	1	31	28	1	1
1409	1	31	29	1	1
1410	1	31	30	1	1
1411	1	31	31	1	1
1412	1	31	32	1	1
1413	1	31	33	1	1
1414	1	31	34	1	1
1415	1	31	35	1	1
1416	1	31	36	1	1
1417	1	31	37	1	1
1418	1	31	38	1	1
1419	1	31	39	1	1
1420	1	31	40	1	1
1421	1	31	41	1	1
1422	1	31	42	1	1
1423	1	31	43	0	1
1424	1	31	44	0	1
1425	1	31	45	0	1
1426	1	31	46	0	1
1427	1	32	1	0	1
1428	1	32	2	0	1
1429	1	32	3	0	1
1430	1	32	4	0	1
1431	1	32	5	0	1
1432	1	32	6	0	1
1433	1	32	7	0	1
1434	1	32	8	1	1
1435	1	32	9	1	1
1436	1	32	10	1	1
1437	1	32	11	1	1
1438	1	32	12	1	1
1439	1	32	13	1	1
1440	1	32	14	1	1
1441	1	32	15	1	1
1442	1	32	16	1	1
1443	1	32	17	1	1
1444	1	32	18	1	1
1445	1	32	19	1	1
1446	1	32	20	0	1
1447	1	32	21	0	1
1448	1	32	22	0	1
1449	1	32	23	0	1
1450	1	32	24	0	1
1451	1	32	25	1	1
1452	1	32	26	1	1
1453	1	32	27	1	1
1454	1	32	28	1	1
1455	1	32	29	1	1
1456	1	32	30	1	1
1457	1	32	31	1	1
1458	1	32	32	1	1
1459	1	32	33	1	1
1460	1	32	34	1	1
1461	1	32	35	1	1
1462	1	32	36	1	1
1463	1	32	37	1	1
1464	1	32	38	1	1
1465	1	32	39	1	1
1466	1	32	40	1	1
1467	1	32	41	1	1
1468	1	32	42	1	1
1469	1	32	43	0	1
1470	1	32	44	0	1
1471	1	32	45	0	1
1472	1	32	46	0	1
1473	1	33	1	0	1
1474	1	33	2	0	1
1475	1	33	3	0	1
1476	1	33	4	0	1
1477	1	33	5	0	1
1478	1	33	6	0	1
1479	1	33	7	0	1
1480	1	33	8	1	1
1481	1	33	9	1	1
1482	1	33	10	1	1
1483	1	33	11	1	1
1484	1	33	12	1	1
1485	1	33	13	1	1
1486	1	33	14	1	1
1487	1	33	15	1	1
1488	1	33	16	1	1
1489	1	33	17	1	1
1490	1	33	18	1	1
1491	1	33	19	1	1
1492	1	33	20	0	1
1493	1	33	21	0	1
1494	1	33	22	0	1
1495	1	33	23	0	1
1496	1	33	24	0	1
1497	1	33	25	1	1
1498	1	33	26	1	1
1499	1	33	27	1	1
1500	1	33	28	1	1
1501	1	33	29	1	1
1502	1	33	30	1	1
1503	1	33	31	1	1
1504	1	33	32	1	1
1505	1	33	33	1	1
1506	1	33	34	1	1
1507	1	33	35	1	1
1508	1	33	36	1	1
1509	1	33	37	1	1
1510	1	33	38	1	1
1511	1	33	39	1	1
1512	1	33	40	1	1
1513	1	33	41	1	1
1514	1	33	42	1	1
1515	1	33	43	0	1
1516	1	33	44	0	1
1517	1	33	45	0	1
1518	1	33	46	0	1
1519	1	34	1	0	1
1520	1	34	2	0	1
1521	1	34	3	0	1
1522	1	34	4	0	1
1523	1	34	5	0	1
1524	1	34	6	0	1
1525	1	34	7	0	1
1526	1	34	8	0	1
1527	1	34	9	1	1
1528	1	34	10	1	1
1529	1	34	11	1	1
1530	1	34	12	1	1
1531	1	34	13	1	1
1532	1	34	14	1	1
1533	1	34	15	1	1
1534	1	34	16	1	1
1535	1	34	17	1	1
1536	1	34	18	1	1
1537	1	34	19	0	1
1538	1	34	20	0	1
1539	1	34	21	0	1
1540	1	34	22	0	1
1541	1	34	23	0	1
1542	1	34	24	0	1
1543	1	34	25	1	1
1544	1	34	26	1	1
1545	1	34	27	1	1
1546	1	34	28	1	1
1547	1	34	29	1	1
1548	1	34	30	1	1
1549	1	34	31	1	1
1550	1	34	32	1	1
1551	1	34	33	1	1
1552	1	34	34	1	1
1553	1	34	35	1	1
1554	1	34	36	1	1
1555	1	34	37	1	1
1556	1	34	38	1	1
1557	1	34	39	1	1
1558	1	34	40	1	1
1559	1	34	41	1	1
1560	1	34	42	0	1
1561	1	34	43	0	1
1562	1	34	44	0	1
1563	1	34	45	0	1
1564	1	34	46	0	1
1565	1	35	1	0	1
1566	1	35	2	0	1
1567	1	35	3	0	1
1568	1	35	4	0	1
1569	1	35	5	0	1
1570	1	35	6	0	1
1571	1	35	7	0	1
1572	1	35	8	0	1
1573	1	35	9	1	1
1574	1	35	10	1	1
1575	1	35	11	1	1
1576	1	35	12	1	1
1577	1	35	13	1	1
1578	1	35	14	1	1
1579	1	35	15	1	1
1580	1	35	16	1	1
1581	1	35	17	1	1
1582	1	35	18	0	1
1583	1	35	19	0	1
1584	1	35	20	0	1
1585	1	35	21	0	1
1586	1	35	22	0	1
1587	1	35	23	0	1
1588	1	35	24	0	1
1589	1	35	25	1	1
1590	1	35	26	1	1
1591	1	35	27	1	1
1592	1	35	28	1	1
1593	1	35	29	1	1
1594	1	35	30	1	1
1595	1	35	31	1	1
1596	1	35	32	1	1
1597	1	35	33	1	1
1598	1	35	34	1	1
1599	1	35	35	1	1
1600	1	35	36	1	1
1601	1	35	37	1	1
1602	1	35	38	1	1
1603	1	35	39	1	1
1604	1	35	40	1	1
1605	1	35	41	1	1
1606	1	35	42	0	1
1607	1	35	43	0	1
1608	1	35	44	0	1
1609	1	35	45	0	1
1610	1	35	46	0	1
1611	1	36	1	0	1
1612	1	36	2	0	1
1613	1	36	3	0	1
1614	1	36	4	0	1
1615	1	36	5	0	1
1616	1	36	6	0	1
1617	1	36	7	0	1
1618	1	36	8	0	1
1619	1	36	9	1	1
1620	1	36	10	1	1
1621	1	36	11	1	1
1622	1	36	12	1	1
1623	1	36	13	1	1
1624	1	36	14	1	1
1625	1	36	15	1	1
1626	1	36	16	1	1
1627	1	36	17	1	1
1628	1	36	18	0	1
1629	1	36	19	0	1
1630	1	36	20	0	1
1631	1	36	21	0	1
1632	1	36	22	0	1
1633	1	36	23	0	1
1634	1	36	24	0	1
1635	1	36	25	1	1
1636	1	36	26	1	1
1637	1	36	27	1	1
1638	1	36	28	1	1
1639	1	36	29	1	1
1640	1	36	30	1	1
1641	1	36	31	1	1
1642	1	36	32	1	1
1643	1	36	33	1	1
1644	1	36	34	1	1
1645	1	36	35	1	1
1646	1	36	36	1	1
1647	1	36	37	1	1
1648	1	36	38	1	1
1649	1	36	39	1	1
1650	1	36	40	1	1
1651	1	36	41	1	1
1652	1	36	42	0	1
1653	1	36	43	0	1
1654	1	36	44	0	1
1655	1	36	45	0	1
1656	1	36	46	0	1
1657	1	37	1	0	1
1658	1	37	2	0	1
1659	1	37	3	0	1
1660	1	37	4	0	1
1661	1	37	5	0	1
1662	1	37	6	0	1
1663	1	37	7	0	1
1664	1	37	8	0	1
1665	1	37	9	1	1
1666	1	37	10	1	1
1667	1	37	11	1	1
1668	1	37	12	1	1
1669	1	37	13	1	1
1670	1	37	14	1	1
1671	1	37	15	1	1
1672	1	37	16	1	1
1673	1	37	17	1	1
1674	1	37	18	0	1
1675	1	37	19	0	1
1676	1	37	20	0	1
1677	1	37	21	0	1
1678	1	37	22	0	1
1679	1	37	23	0	1
1680	1	37	24	0	1
1681	1	37	25	1	1
1682	1	37	26	1	1
1683	1	37	27	1	1
1684	1	37	28	1	1
1685	1	37	29	1	1
1686	1	37	30	1	1
1687	1	37	31	1	1
1688	1	37	32	1	1
1689	1	37	33	1	1
1690	1	37	34	1	1
1691	1	37	35	1	1
1692	1	37	36	1	1
1693	1	37	37	1	1
1694	1	37	38	1	1
1695	1	37	39	1	1
1696	1	37	40	1	1
1697	1	37	41	0	1
1698	1	37	42	0	1
1699	1	37	43	0	1
1700	1	37	44	0	1
1701	1	37	45	0	1
1702	1	37	46	0	1
1703	1	38	1	0	1
1704	1	38	2	0	1
1705	1	38	3	0	1
1706	1	38	4	0	1
1707	1	38	5	0	1
1708	1	38	6	0	1
1709	1	38	7	0	1
1710	1	38	8	0	1
1711	1	38	9	1	1
1712	1	38	10	1	1
1713	1	38	11	1	1
1714	1	38	12	1	1
1715	1	38	13	1	1
1716	1	38	14	1	1
1717	1	38	15	1	1
1718	1	38	16	1	1
1719	1	38	17	1	1
1720	1	38	18	0	1
1721	1	38	19	0	1
1722	1	38	20	0	1
1723	1	38	21	0	1
1724	1	38	22	0	1
1725	1	38	23	0	1
1726	1	38	24	1	1
1727	1	38	25	1	1
1728	1	38	26	1	1
1729	1	38	27	1	1
1730	1	38	28	1	1
1731	1	38	29	1	1
1732	1	38	30	1	1
1733	1	38	31	1	1
1734	1	38	32	1	1
1735	1	38	33	1	1
1736	1	38	34	1	1
1737	1	38	35	1	1
1738	1	38	36	1	1
1739	1	38	37	1	1
1740	1	38	38	1	1
1741	1	38	39	1	1
1742	1	38	40	1	1
1743	1	38	41	0	1
1744	1	38	42	0	1
1745	1	38	43	0	1
1746	1	38	44	0	1
1747	1	38	45	0	1
1748	1	38	46	0	1
1749	1	39	1	0	1
1750	1	39	2	0	1
1751	1	39	3	0	1
1752	1	39	4	0	1
1753	1	39	5	0	1
1754	1	39	6	0	1
1755	1	39	7	0	1
1756	1	39	8	0	1
1757	1	39	9	1	1
1758	1	39	10	1	1
1759	1	39	11	1	1
1760	1	39	12	1	1
1761	1	39	13	1	1
1762	1	39	14	1	1
1763	1	39	15	1	1
1764	1	39	16	1	1
1765	1	39	17	1	1
1766	1	39	18	1	1
1767	1	39	19	0	1
1768	1	39	20	0	1
1769	1	39	21	0	1
1770	1	39	22	1	1
1771	1	39	23	1	1
1772	1	39	24	1	1
1773	1	39	25	1	1
1774	1	39	26	1	1
1775	1	39	27	1	1
1776	1	39	28	1	1
1777	1	39	29	1	1
1778	1	39	30	1	1
1779	1	39	31	1	1
1780	1	39	32	1	1
1781	1	39	33	1	1
1782	1	39	34	1	1
1783	1	39	35	1	1
1784	1	39	36	1	1
1785	1	39	37	1	1
1786	1	39	38	1	1
1787	1	39	39	1	1
1788	1	39	40	1	1
1789	1	39	41	0	1
1790	1	39	42	0	1
1791	1	39	43	0	1
1792	1	39	44	0	1
1793	1	39	45	0	1
1794	1	39	46	0	1
1795	1	40	1	0	1
1796	1	40	2	0	1
1797	1	40	3	0	1
1798	1	40	4	0	1
1799	1	40	5	0	1
1800	1	40	6	0	1
1801	1	40	7	0	1
1802	1	40	8	0	1
1803	1	40	9	1	1
1804	1	40	10	1	1
1805	1	40	11	1	1
1806	1	40	12	1	1
1807	1	40	13	1	1
1808	1	40	14	1	1
1809	1	40	15	1	1
1810	1	40	16	1	1
1811	1	40	17	1	1
1812	1	40	18	1	1
1813	1	40	19	1	1
1814	1	40	20	1	1
1815	1	40	21	1	1
1816	1	40	22	1	1
1817	1	40	23	1	1
1818	1	40	24	1	1
1819	1	40	25	1	1
1820	1	40	26	1	1
1821	1	40	27	1	1
1822	1	40	28	1	1
1823	1	40	29	1	1
1824	1	40	30	1	1
1825	1	40	31	1	1
1826	1	40	32	1	1
1827	1	40	33	1	1
1828	1	40	34	1	1
1829	1	40	35	1	1
1830	1	40	36	1	1
1831	1	40	37	1	1
1832	1	40	38	1	1
1833	1	40	39	1	1
1834	1	40	40	0	1
1835	1	40	41	0	1
1836	1	40	42	0	1
1837	1	40	43	0	1
1838	1	40	44	0	1
1839	1	40	45	0	1
1840	1	40	46	0	1
1841	1	41	1	0	1
1842	1	41	2	0	1
1843	1	41	3	0	1
1844	1	41	4	0	1
1845	1	41	5	0	1
1846	1	41	6	0	1
1847	1	41	7	0	1
1848	1	41	8	0	1
1849	1	41	9	1	1
1850	1	41	10	1	1
1851	1	41	11	1	1
1852	1	41	12	1	1
1853	1	41	13	1	1
1854	1	41	14	1	1
1855	1	41	15	1	1
1856	1	41	16	1	1
1857	1	41	17	1	1
1858	1	41	18	1	1
1859	1	41	19	1	1
1860	1	41	20	1	1
1861	1	41	21	1	1
1862	1	41	22	1	1
1863	1	41	23	1	1
1864	1	41	24	1	1
1865	1	41	25	1	1
1866	1	41	26	1	1
1867	1	41	27	1	1
1868	1	41	28	1	1
1869	1	41	29	1	1
1870	1	41	30	1	1
1871	1	41	31	1	1
1872	1	41	32	1	1
1873	1	41	33	1	1
1874	1	41	34	1	1
1875	1	41	35	1	1
1876	1	41	36	1	1
1877	1	41	37	1	1
1878	1	41	38	1	1
1879	1	41	39	1	1
1880	1	41	40	0	1
1881	1	41	41	0	1
1882	1	41	42	0	1
1883	1	41	43	0	1
1884	1	41	44	0	1
1885	1	41	45	0	1
1886	1	41	46	0	1
1887	1	42	1	0	1
1888	1	42	2	0	1
1889	1	42	3	0	1
1890	1	42	4	0	1
1891	1	42	5	0	1
1892	1	42	6	0	1
1893	1	42	7	0	1
1894	1	42	8	1	1
1895	1	42	9	1	1
1896	1	42	10	1	1
1897	1	42	11	1	1
1898	1	42	12	1	1
1899	1	42	13	1	1
1900	1	42	14	1	1
1901	1	42	15	1	1
1902	1	42	16	1	1
1903	1	42	17	1	1
1904	1	42	18	1	1
1905	1	42	19	1	1
1906	1	42	20	1	1
1907	1	42	21	1	1
1908	1	42	22	1	1
1909	1	42	23	1	1
1910	1	42	24	1	1
1911	1	42	25	1	1
1912	1	42	26	1	1
1913	1	42	27	1	1
1914	1	42	28	1	1
1915	1	42	29	1	1
1916	1	42	30	1	1
1917	1	42	31	1	1
1918	1	42	32	1	1
1919	1	42	33	1	1
1920	1	42	34	1	1
1921	1	42	35	1	1
1922	1	42	36	1	1
1923	1	42	37	1	1
1924	1	42	38	1	1
1925	1	42	39	1	1
1926	1	42	40	0	1
1927	1	42	41	0	1
1928	1	42	42	0	1
1929	1	42	43	0	1
1930	1	42	44	0	1
1931	1	42	45	0	1
1932	1	42	46	0	1
1933	1	43	1	0	1
1934	1	43	2	0	1
1935	1	43	3	0	1
1936	1	43	4	0	1
1937	1	43	5	0	1
1938	1	43	6	0	1
1939	1	43	7	0	1
1940	1	43	8	1	1
1941	1	43	9	1	1
1942	1	43	10	1	1
1943	1	43	11	1	1
1944	1	43	12	1	1
1945	1	43	13	1	1
1946	1	43	14	1	1
1947	1	43	15	1	1
1948	1	43	16	1	1
1949	1	43	17	1	1
1950	1	43	18	1	1
1951	1	43	19	1	1
1952	1	43	20	1	1
1953	1	43	21	1	1
1954	1	43	22	1	1
1955	1	43	23	1	1
1956	1	43	24	1	1
1957	1	43	25	1	1
1958	1	43	26	1	1
1959	1	43	27	1	1
1960	1	43	28	1	1
1961	1	43	29	1	1
1962	1	43	30	1	1
1963	1	43	31	1	1
1964	1	43	32	1	1
1965	1	43	33	1	1
1966	1	43	34	1	1
1967	1	43	35	1	1
1968	1	43	36	1	1
1969	1	43	37	1	1
1970	1	43	38	1	1
1971	1	43	39	1	1
1972	1	43	40	0	1
1973	1	43	41	0	1
1974	1	43	42	0	1
1975	1	43	43	0	1
1976	1	43	44	0	1
1977	1	43	45	0	1
1978	1	43	46	0	1
1979	1	44	1	0	1
1980	1	44	2	0	1
1981	1	44	3	0	1
1982	1	44	4	0	1
1983	1	44	5	0	1
1984	1	44	6	0	1
1985	1	44	7	1	1
1986	1	44	8	1	1
1987	1	44	9	1	1
1988	1	44	10	1	1
1989	1	44	11	1	1
1990	1	44	12	1	1
1991	1	44	13	1	1
1992	1	44	14	1	1
1993	1	44	15	1	1
1994	1	44	16	1	1
1995	1	44	17	1	1
1996	1	44	18	1	1
1997	1	44	19	1	1
1998	1	44	20	1	1
1999	1	44	21	1	1
2000	1	44	22	1	1
2001	1	44	23	1	1
2002	1	44	24	1	1
2003	1	44	25	1	1
2004	1	44	26	1	1
2005	1	44	27	1	1
2006	1	44	28	1	1
2007	1	44	29	1	1
2008	1	44	30	1	1
2009	1	44	31	1	1
2010	1	44	32	1	1
2011	1	44	33	1	1
2012	1	44	34	1	1
2013	1	44	35	1	1
2014	1	44	36	1	1
2015	1	44	37	1	1
2016	1	44	38	1	1
2017	1	44	39	1	1
2018	1	44	40	0	1
2019	1	44	41	0	1
2020	1	44	42	0	1
2021	1	44	43	0	1
2022	1	44	44	0	1
2023	1	44	45	0	1
2024	1	44	46	0	1
2025	1	45	1	0	1
2026	1	45	2	0	1
2027	1	45	3	0	1
2028	1	45	4	0	1
2029	1	45	5	0	1
2030	1	45	6	0	1
2031	1	45	7	1	1
2032	1	45	8	1	1
2033	1	45	9	1	1
2034	1	45	10	1	1
2035	1	45	11	1	1
2036	1	45	12	1	1
2037	1	45	13	1	1
2038	1	45	14	1	1
2039	1	45	15	1	1
2040	1	45	16	1	1
2041	1	45	17	1	1
2042	1	45	18	1	1
2043	1	45	19	1	1
2044	1	45	20	1	1
2045	1	45	21	1	1
2046	1	45	22	1	1
2047	1	45	23	1	1
2048	1	45	24	1	1
2049	1	45	25	1	1
2050	1	45	26	1	1
2051	1	45	27	1	1
2052	1	45	28	1	1
2053	1	45	29	1	1
2054	1	45	30	1	1
2055	1	45	31	1	1
2056	1	45	32	1	1
2057	1	45	33	1	1
2058	1	45	34	1	1
2059	1	45	35	1	1
2060	1	45	36	1	1
2061	1	45	37	1	1
2062	1	45	38	1	1
2063	1	45	39	1	1
2064	1	45	40	0	1
2065	1	45	41	0	1
2066	1	45	42	0	1
2067	1	45	43	0	1
2068	1	45	44	0	1
2069	1	45	45	0	1
2070	1	45	46	0	1
2071	1	46	1	0	1
2072	1	46	2	0	1
2073	1	46	3	0	1
2074	1	46	4	0	1
2075	1	46	5	0	1
2076	1	46	6	1	1
2077	1	46	7	1	1
2078	1	46	8	1	1
2079	1	46	9	1	1
2080	1	46	10	1	1
2081	1	46	11	1	1
2082	1	46	12	1	1
2083	1	46	13	1	1
2084	1	46	14	1	1
2085	1	46	15	1	1
2086	1	46	16	1	1
2087	1	46	17	1	1
2088	1	46	18	1	1
2089	1	46	19	1	1
2090	1	46	20	1	1
2091	1	46	21	1	1
2092	1	46	22	1	1
2093	1	46	23	1	1
2094	1	46	24	1	1
2095	1	46	25	1	1
2096	1	46	26	1	1
2097	1	46	27	1	1
2098	1	46	28	1	1
2099	1	46	29	1	1
2100	1	46	30	1	1
2101	1	46	31	1	1
2102	1	46	32	1	1
2103	1	46	33	1	1
2104	1	46	34	1	1
2105	1	46	35	1	1
2106	1	46	36	1	1
2107	1	46	37	1	1
2108	1	46	38	1	1
2109	1	46	39	1	1
2110	1	46	40	1	1
2111	1	46	41	0	1
2112	1	46	42	0	1
2113	1	46	43	0	1
2114	1	46	44	0	1
2115	1	46	45	0	1
2116	1	46	46	0	1
2117	1	47	1	0	1
2118	1	47	2	0	1
2119	1	47	3	0	1
2120	1	47	4	0	1
2121	1	47	5	0	1
2122	1	47	6	1	1
2123	1	47	7	1	1
2124	1	47	8	1	1
2125	1	47	9	1	1
2126	1	47	10	1	1
2127	1	47	11	1	1
2128	1	47	12	1	1
2129	1	47	13	1	1
2130	1	47	14	1	1
2131	1	47	15	1	1
2132	1	47	16	1	1
2133	1	47	17	1	1
2134	1	47	18	1	1
2135	1	47	19	1	1
2136	1	47	20	1	1
2137	1	47	21	1	1
2138	1	47	22	1	1
2139	1	47	23	1	1
2140	1	47	24	1	1
2141	1	47	25	1	1
2142	1	47	26	1	1
2143	1	47	27	1	1
2144	1	47	28	1	1
2145	1	47	29	1	1
2146	1	47	30	1	1
2147	1	47	31	1	1
2148	1	47	32	1	1
2149	1	47	33	1	1
2150	1	47	34	1	1
2151	1	47	35	1	1
2152	1	47	36	1	1
2153	1	47	37	1	1
2154	1	47	38	1	1
2155	1	47	39	1	1
2156	1	47	40	1	1
2157	1	47	41	0	1
2158	1	47	42	0	1
2159	1	47	43	0	1
2160	1	47	44	0	1
2161	1	47	45	0	1
2162	1	47	46	0	1
2163	1	48	1	0	1
2164	1	48	2	0	1
2165	1	48	3	0	1
2166	1	48	4	0	1
2167	1	48	5	0	1
2168	1	48	6	1	1
2169	1	48	7	1	1
2170	1	48	8	1	1
2171	1	48	9	1	1
2172	1	48	10	1	1
2173	1	48	11	1	1
2174	1	48	12	1	1
2175	1	48	13	1	1
2176	1	48	14	1	1
2177	1	48	15	1	1
2178	1	48	16	1	1
2179	1	48	17	1	1
2180	1	48	18	1	1
2181	1	48	19	1	1
2182	1	48	20	1	1
2183	1	48	21	1	1
2184	1	48	22	1	1
2185	1	48	23	1	1
2186	1	48	24	1	1
2187	1	48	25	1	1
2188	1	48	26	1	1
2189	1	48	27	1	1
2190	1	48	28	1	1
2191	1	48	29	1	1
2192	1	48	30	1	1
2193	1	48	31	1	1
2194	1	48	32	1	1
2195	1	48	33	1	1
2196	1	48	34	1	1
2197	1	48	35	1	1
2198	1	48	36	1	1
2199	1	48	37	1	1
2200	1	48	38	1	1
2201	1	48	39	1	1
2202	1	48	40	1	1
2203	1	48	41	1	1
2204	1	48	42	0	1
2205	1	48	43	0	1
2206	1	48	44	0	1
2207	1	48	45	0	1
2208	1	48	46	0	1
2209	1	49	1	0	1
2210	1	49	2	0	1
2211	1	49	3	0	1
2212	1	49	4	0	1
2213	1	49	5	0	1
2214	1	49	6	1	1
2215	1	49	7	1	1
2216	1	49	8	1	1
2217	1	49	9	1	1
2218	1	49	10	1	1
2219	1	49	11	1	1
2220	1	49	12	1	1
2221	1	49	13	1	1
2222	1	49	14	1	1
2223	1	49	15	1	1
2224	1	49	16	1	1
2225	1	49	17	1	1
2226	1	49	18	1	1
2227	1	49	19	1	1
2228	1	49	20	1	1
2229	1	49	21	1	1
2230	1	49	22	1	1
2231	1	49	23	1	1
2232	1	49	24	1	1
2233	1	49	25	1	1
2234	1	49	26	1	1
2235	1	49	27	1	1
2236	1	49	28	1	1
2237	1	49	29	1	1
2238	1	49	30	1	1
2239	1	49	31	1	1
2240	1	49	32	1	1
2241	1	49	33	1	1
2242	1	49	34	1	1
2243	1	49	35	1	1
2244	1	49	36	1	1
2245	1	49	37	1	1
2246	1	49	38	1	1
2247	1	49	39	1	1
2248	1	49	40	1	1
2249	1	49	41	1	1
2250	1	49	42	1	1
2251	1	49	43	0	1
2252	1	49	44	0	1
2253	1	49	45	0	1
2254	1	49	46	0	1
2255	1	50	1	0	1
2256	1	50	2	0	1
2257	1	50	3	0	1
2258	1	50	4	0	1
2259	1	50	5	1	1
2260	1	50	6	1	1
2261	1	50	7	1	1
2262	1	50	8	1	1
2263	1	50	9	1	1
2264	1	50	10	1	1
2265	1	50	11	1	1
2266	1	50	12	1	1
2267	1	50	13	1	1
2268	1	50	14	1	1
2269	1	50	15	1	1
2270	1	50	16	1	1
2271	1	50	17	1	1
2272	1	50	18	1	1
2273	1	50	19	1	1
2274	1	50	20	1	1
2275	1	50	21	1	1
2276	1	50	22	1	1
2277	1	50	23	1	1
2278	1	50	24	1	1
2279	1	50	25	1	1
2280	1	50	26	1	1
2281	1	50	27	1	1
2282	1	50	28	1	1
2283	1	50	29	1	1
2284	1	50	30	1	1
2285	1	50	31	1	1
2286	1	50	32	1	1
2287	1	50	33	1	1
2288	1	50	34	1	1
2289	1	50	35	1	1
2290	1	50	36	1	1
2291	1	50	37	1	1
2292	1	50	38	1	1
2293	1	50	39	1	1
2294	1	50	40	1	1
2295	1	50	41	1	1
2296	1	50	42	1	1
2297	1	50	43	1	1
2298	1	50	44	1	1
2299	1	50	45	1	1
2300	1	50	46	1	1
2301	1	51	1	0	1
2302	1	51	2	0	1
2303	1	51	3	0	1
2304	1	51	4	0	1
2305	1	51	5	1	1
2306	1	51	6	1	1
2307	1	51	7	1	1
2308	1	51	8	1	1
2309	1	51	9	1	1
2310	1	51	10	1	1
2311	1	51	11	1	1
2312	1	51	12	1	1
2313	1	51	13	1	1
2314	1	51	14	1	1
2315	1	51	15	1	1
2316	1	51	16	1	1
2317	1	51	17	1	1
2318	1	51	18	1	1
2319	1	51	19	1	1
2320	1	51	20	1	1
2321	1	51	21	1	1
2322	1	51	22	1	1
2323	1	51	23	1	1
2324	1	51	24	1	1
2325	1	51	25	1	1
2326	1	51	26	1	1
2327	1	51	27	1	1
2328	1	51	28	1	1
2329	1	51	29	1	1
2330	1	51	30	1	1
2331	1	51	31	1	1
2332	1	51	32	1	1
2333	1	51	33	1	1
2334	1	51	34	1	1
2335	1	51	35	1	1
2336	1	51	36	1	1
2337	1	51	37	1	1
2338	1	51	38	1	1
2339	1	51	39	1	1
2340	1	51	40	1	1
2341	1	51	41	1	1
2342	1	51	42	1	1
2343	1	51	43	1	1
2344	1	51	44	1	1
2345	1	51	45	1	1
2346	1	51	46	1	1
2347	1	52	1	0	1
2348	1	52	2	0	1
2349	1	52	3	0	1
2350	1	52	4	1	1
2351	1	52	5	1	1
2352	1	52	6	1	1
2353	1	52	7	1	1
2354	1	52	8	1	1
2355	1	52	9	1	1
2356	1	52	10	1	1
2357	1	52	11	1	1
2358	1	52	12	1	1
2359	1	52	13	1	1
2360	1	52	14	1	1
2361	1	52	15	1	1
2362	1	52	16	1	1
2363	1	52	17	1	1
2364	1	52	18	1	1
2365	1	52	19	1	1
2366	1	52	20	1	1
2367	1	52	21	1	1
2368	1	52	22	1	1
2369	1	52	23	1	1
2370	1	52	24	1	1
2371	1	52	25	1	1
2372	1	52	26	1	1
2373	1	52	27	1	1
2374	1	52	28	1	1
2375	1	52	29	1	1
2376	1	52	30	1	1
2377	1	52	31	1	1
2378	1	52	32	1	1
2379	1	52	33	1	1
2380	1	52	34	1	1
2381	1	52	35	1	1
2382	1	52	36	1	1
2383	1	52	37	1	1
2384	1	52	38	1	1
2385	1	52	39	1	1
2386	1	52	40	1	1
2387	1	52	41	1	1
2388	1	52	42	1	1
2389	1	52	43	1	1
2390	1	52	44	1	1
2391	1	52	45	1	1
2392	1	52	46	1	1
2393	1	53	1	0	1
2394	1	53	2	1	1
2395	1	53	3	1	1
2396	1	53	4	1	1
2397	1	53	5	1	1
2398	1	53	6	1	1
2399	1	53	7	1	1
2400	1	53	8	1	1
2401	1	53	9	1	1
2402	1	53	10	1	1
2403	1	53	11	1	1
2404	1	53	12	1	1
2405	1	53	13	1	1
2406	1	53	14	1	1
2407	1	53	15	1	1
2408	1	53	16	1	1
2409	1	53	17	1	1
2410	1	53	18	1	1
2411	1	53	19	1	1
2412	1	53	20	1	1
2413	1	53	21	1	1
2414	1	53	22	1	1
2415	1	53	23	1	1
2416	1	53	24	1	1
2417	1	53	25	1	1
2418	1	53	26	1	1
2419	1	53	27	1	1
2420	1	53	28	1	1
2421	1	53	29	1	1
2422	1	53	30	1	1
2423	1	53	31	1	1
2424	1	53	32	1	1
2425	1	53	33	1	1
2426	1	53	34	1	1
2427	1	53	35	1	1
2428	1	53	36	1	1
2429	1	53	37	1	1
2430	1	53	38	1	1
2431	1	53	39	1	1
2432	1	53	40	1	1
2433	1	53	41	1	1
2434	1	53	42	1	1
2435	1	53	43	1	1
2436	1	53	44	1	1
2437	1	53	45	1	1
2438	1	53	46	1	1
2439	1	54	1	1	1
2440	1	54	2	1	1
2441	1	54	3	1	1
2442	1	54	4	1	1
2443	1	54	5	1	1
2444	1	54	6	1	1
2445	1	54	7	1	1
2446	1	54	8	1	1
2447	1	54	9	1	1
2448	1	54	10	1	1
2449	1	54	11	1	1
2450	1	54	12	1	1
2451	1	54	13	1	1
2452	1	54	14	1	1
2453	1	54	15	1	1
2454	1	54	16	1	1
2455	1	54	17	1	1
2456	1	54	18	1	1
2457	1	54	19	1	1
2458	1	54	20	1	1
2459	1	54	21	1	1
2460	1	54	22	1	1
2461	1	54	23	1	1
2462	1	54	24	1	1
2463	1	54	25	1	1
2464	1	54	26	1	1
2465	1	54	27	1	1
2466	1	54	28	1	1
2467	1	54	29	1	1
2468	1	54	30	1	1
2469	1	54	31	1	1
2470	1	54	32	1	1
2471	1	54	33	1	1
2472	1	54	34	1	1
2473	1	54	35	1	1
2474	1	54	36	1	1
2475	1	54	37	1	1
2476	1	54	38	1	1
2477	1	54	39	1	1
2478	1	54	40	1	1
2479	1	54	41	1	1
2480	1	54	42	1	1
2481	1	54	43	1	1
2482	1	54	44	1	1
2483	1	54	45	1	1
2484	1	54	46	1	1
2485	1	55	1	1	1
2486	1	55	2	1	1
2487	1	55	3	1	1
2488	1	55	4	1	1
2489	1	55	5	1	1
2490	1	55	6	1	1
2491	1	55	7	1	1
2492	1	55	8	1	1
2493	1	55	9	1	1
2494	1	55	10	1	1
2495	1	55	11	1	1
2496	1	55	12	1	1
2497	1	55	13	1	1
2498	1	55	14	1	1
2499	1	55	15	1	1
2500	1	55	16	1	1
2501	1	55	17	1	1
2502	1	55	18	1	1
2503	1	55	19	1	1
2504	1	55	20	1	1
2505	1	55	21	1	1
2506	1	55	22	1	1
2507	1	55	23	1	1
2508	1	55	24	1	1
2509	1	55	25	1	1
2510	1	55	26	1	1
2511	1	55	27	1	1
2512	1	55	28	1	1
2513	1	55	29	1	1
2514	1	55	30	1	1
2515	1	55	31	1	1
2516	1	55	32	1	1
2517	1	55	33	1	1
2518	1	55	34	1	1
2519	1	55	35	1	1
2520	1	55	36	1	1
2521	1	55	37	1	1
2522	1	55	38	1	1
2523	1	55	39	1	1
2524	1	55	40	1	1
2525	1	55	41	1	1
2526	1	55	42	1	1
2527	1	55	43	1	1
2528	1	55	44	1	1
2529	1	55	45	1	1
2530	1	55	46	1	1
2531	1	56	1	1	1
2532	1	56	2	1	1
2533	1	56	3	1	1
2534	1	56	4	1	1
2535	1	56	5	1	1
2536	1	56	6	1	1
2537	1	56	7	1	1
2538	1	56	8	1	1
2539	1	56	9	1	1
2540	1	56	10	1	1
2541	1	56	11	1	1
2542	1	56	12	1	1
2543	1	56	13	1	1
2544	1	56	14	1	1
2545	1	56	15	0	1
2546	1	56	16	0	1
2547	1	56	17	0	1
2548	1	56	18	0	1
2549	1	56	19	0	1
2550	1	56	20	0	1
2551	1	56	21	0	1
2552	1	56	22	0	1
2553	1	56	23	0	1
2554	1	56	24	0	1
2555	1	56	25	0	1
2556	1	56	26	1	1
2557	1	56	27	1	1
2558	1	56	28	1	1
2559	1	56	29	1	1
2560	1	56	30	1	1
2561	1	56	31	0	1
2562	1	56	32	0	1
2563	1	56	33	0	1
2564	1	56	34	0	1
2565	1	56	35	0	1
2566	1	56	36	0	1
2567	1	56	37	0	1
2568	1	56	38	0	1
2569	1	56	39	0	1
2570	1	56	40	0	1
2571	1	56	41	0	1
2572	1	56	42	0	1
2573	1	56	43	0	1
2574	1	56	44	0	1
2575	1	56	45	0	1
2576	1	56	46	0	1
2577	1	57	1	1	1
2578	1	57	2	1	1
2579	1	57	3	1	1
2580	1	57	4	1	1
2581	1	57	5	0	1
2582	1	57	6	0	1
2583	1	57	7	0	1
2584	1	57	8	0	1
2585	1	57	9	0	1
2586	1	57	10	0	1
2587	1	57	11	0	1
2588	1	57	12	0	1
2589	1	57	13	0	1
2590	1	57	14	0	1
2591	1	57	15	0	1
2592	1	57	16	0	1
2593	1	57	17	0	1
2594	1	57	18	0	1
2595	1	57	19	0	1
2596	1	57	20	0	1
2597	1	57	21	0	1
2598	1	57	22	0	1
2599	1	57	23	0	1
2600	1	57	24	0	1
2601	1	57	25	0	1
2602	1	57	26	0	1
2603	1	57	27	0	1
2604	1	57	28	0	1
2605	1	57	29	0	1
2606	1	57	30	0	1
2607	1	57	31	0	1
2608	1	57	32	0	1
2609	1	57	33	0	1
2610	1	57	34	0	1
2611	1	57	35	0	1
2612	1	57	36	0	1
2613	1	57	37	0	1
2614	1	57	38	0	1
2615	1	57	39	0	1
2616	1	57	40	0	1
2617	1	57	41	0	1
2618	1	57	42	0	1
2619	1	57	43	0	1
2620	1	57	44	0	1
2621	1	57	45	0	1
2622	1	57	46	0	1
2623	1	58	1	0	1
2624	1	58	2	0	1
2625	1	58	3	0	1
2626	1	58	4	0	1
2627	1	58	5	0	1
2628	1	58	6	0	1
2629	1	58	7	0	1
2630	1	58	8	0	1
2631	1	58	9	0	1
2632	1	58	10	0	1
2633	1	58	11	0	1
2634	1	58	12	0	1
2635	1	58	13	0	1
2636	1	58	14	0	1
2637	1	58	15	0	1
2638	1	58	16	0	1
2639	1	58	17	0	1
2640	1	58	18	0	1
2641	1	58	19	0	1
2642	1	58	20	0	1
2643	1	58	21	0	1
2644	1	58	22	0	1
2645	1	58	23	0	1
2646	1	58	24	0	1
2647	1	58	25	0	1
2648	1	58	26	0	1
2649	1	58	27	0	1
2650	1	58	28	0	1
2651	1	58	29	0	1
2652	1	58	30	0	1
2653	1	58	31	0	1
2654	1	58	32	0	1
2655	1	58	33	0	1
2656	1	58	34	0	1
2657	1	58	35	0	1
2658	1	58	36	0	1
2659	1	58	37	0	1
2660	1	58	38	0	1
2661	1	58	39	0	1
2662	1	58	40	0	1
2663	1	58	41	0	1
2664	1	58	42	0	1
2665	1	58	43	0	1
2666	1	58	44	0	1
2667	1	58	45	0	1
2668	1	58	46	0	1
2669	1	59	1	0	1
2670	1	59	2	0	1
2671	1	59	3	0	1
2672	1	59	4	0	1
2673	1	59	5	0	1
2674	1	59	6	0	1
2675	1	59	7	0	1
2676	1	59	8	0	1
2677	1	59	9	0	1
2678	1	59	10	0	1
2679	1	59	11	0	1
2680	1	59	12	0	1
2681	1	59	13	0	1
2682	1	59	14	0	1
2683	1	59	15	0	1
2684	1	59	16	0	1
2685	1	59	17	0	1
2686	1	59	18	0	1
2687	1	59	19	0	1
2688	1	59	20	0	1
2689	1	59	21	0	1
2690	1	59	22	0	1
2691	1	59	23	0	1
2692	1	59	24	0	1
2693	1	59	25	0	1
2694	1	59	26	0	1
2695	1	59	27	0	1
2696	1	59	28	0	1
2697	1	59	29	0	1
2698	1	59	30	0	1
2699	1	59	31	0	1
2700	1	59	32	0	1
2701	1	59	33	0	1
2702	1	59	34	0	1
2703	1	59	35	0	1
2704	1	59	36	0	1
2705	1	59	37	0	1
2706	1	59	38	0	1
2707	1	59	39	0	1
2708	1	59	40	0	1
2709	1	59	41	0	1
2710	1	59	42	0	1
2711	1	59	43	0	1
2712	1	59	44	0	1
2713	1	59	45	0	1
2714	1	59	46	0	1
